#-# 5881 5883 5885
#-L 20463 20468 20475
#-M 5804 5806 5810
#-N 20633 20635 20644
#-a 1067 1072 1075
#-aa 13471 13476 13479
#-ai 13713 13717 13720
#-air 13953 13958 13964
#-ar 13584 13590 13593
#-aw 13627 13630 13634
#-b 5916 5919 5919
#-ch 6156 6160 6160
#-d 5937 5938 5940
#-dh 6135 6139 6140
#-e 13389 13393 13395
#-ee 13492 13495 13500
#-eer 13492 13495 13500
#-er 13532 13535 13543
#-f 6025 6027 6030
#-g 5956 5957 5959
#-h 22700 22701 22702
#-i 13407 13413 13415
#-ie 13755 13760 13765
#-j 6182 6184 6186
#-k 5893 5897 5897
#-k_ 5893 5897 5897
#-l 22716 22719 22723
#-ll 5774 5775 5780
#-m 5797 5799 5803
#-n 5825 5827 5830
#-o 13426 13435 13437
#-oa 13906 13912 13914
#-oi 13802 13810 13820
#-oo 13450 13452 13456
#-oor 14049 14055 14062
#-ou 13861 13866 13871
#-p 5855 5858 5858
#-p_ 5855 5858 5858
#-r 5707 5712 5715
#-s 5975 5978 5981
#-s_ 5975 5978 5981
#-sh 5998 6002 6006
#-t 5876 5880 5880
#-t_ 5876 5880 5880
#-th 6049 6052 6054
#-u 13367 13369 13376
#-uu 13667 13674 13677
#-v 22511 22513 22515
#-w 5728 5733 5734
#-y 5748 5749 5751
#-z 6073 6076 6080
#-zh 6095 6097 6103
L-# 19740 19748 19753
L-a 21193 21200 21202
L-aa 20965 20975 20980
L-ai 21046 21055 21061
L-air 21130 21137 21149
L-ar 21011 21019 21027
L-aw 22600 22607 22615
L-b 20754 20765 20765
L-d 20766 20774 20774
L-dh 20866 20874 20877
L-e 20903 20912 20917
L-ee 20981 20992 20996
L-eer 21150 21159 21171
L-er 20997 21004 21010
L-f 20810 20815 20822
L-g 20775 20784 20785
L-h 20878 20884 20888
L-i 20918 20928 20932
L-ie 21062 21070 21083
L-k 20743 20753 20753
L-k_ 20743 20753 20753
L-l 20671 20682 20684
L-ll 20685 20696 20698
L-m 20699 20704 20708
L-n 20709 20717 20719
L-o 20933 20941 20947
L-oa 21118 21124 21129
L-oi 21084 21093 21101
L-oo 20948 20962 20964
L-oor 21172 21184 21192
L-ou 21102 21109 21117
L-p 20720 20728 20728
L-p_ 20720 20728 20728
L-r 20645 20650 20654
L-s 20786 20791 20797
L-s_ 20786 20791 20797
L-sh 20798 20803 20809
L-t 20729 20742 20742
L-t_ 20729 20742 20742
L-th 20823 20830 20833
L-u 20889 20898 20902
L-uu 21028 21040 21045
L-v 20855 20863 20865
L-w 20655 20661 20665
L-y 20666 20668 20670
L-z 20834 20841 20842
L-zh 20843 20851 20854
M-# 19754 19760 19764
M-a 21724 21728 21729
M-aa 21514 21523 21528
M-ai 22627 22634 22640
M-air 21673 21680 21688
M-ar 21563 21573 21580
M-aw 21581 21587 21594
M-b 21308 21320 21320
M-d 21321 21328 21332
M-dh 21422 21426 21432
M-e 21461 21470 21472
M-ee 21529 21538 21543
M-eer 21689 21697 21705
M-er 21544 21558 21562
M-f 21368 21376 21381
M-g 21333 21342 21343
M-h 21433 21442 21445
M-i 21473 21482 21485
M-ie 21611 21620 21627
M-k 21299 21307 21307
M-k_ 21299 21307 21307
M-l 21236 21244 21246
M-ll 21247 21255 21257
M-m 21258 21265 21267
M-n 21268 21277 21279
M-o 21486 21497 21499
M-oa 21659 21665 21672
M-oi 21628 21635 21643
M-oo 21500 21507 21513
M-oor 21706 21717 21723
M-ou 21644 21653 21658
M-p 21280 21291 21291
M-p_ 21280 21291 21291
M-r 21203 21208 21210
M-s 21344 21349 21354
M-s_ 21344 21349 21354
M-sh 21355 21361 21367
M-t 21292 21298 21298
M-t_ 21292 21298 21298
M-th 21382 21389 21392
M-u 21446 21457 21460
M-uu 21595 21604 21610
M-v 21414 21420 21421
M-w 21211 21221 21224
M-y 21225 21231 21235
M-z 21393 21400 21402
M-zh 21403 21410 21413
N-# 19723 19735 19739
N-a 5835 5837 5838
N-aa 22033 22040 22043
N-ai 22133 22141 22145
N-air 22198 22206 22214
N-ar 22099 22109 22115
N-aw 1342 1350 1354
N-b 21841 21850 21851
N-d 21852 21860 21862
N-dh 21958 21959 21959
N-e 21986 21992 21997
N-ee 22044 22055 22059
N-eer 22215 22229 22236
N-er 22060 22089 22098
N-f 21899 21910 21913
N-g 21863 21872 21873
N-h 21960 21968 21972
N-i 21998 22003 22007
N-ie 22146 22154 22160
N-k 21832 21840 21840
N-k_ 21832 21840 21840
N-l 21765 21776 21778
N-ll 21779 21790 21792
N-m 21793 21798 21800
N-n 21801 21809 21810
N-o 22008 22013 22018
N-oa 22189 22192 22197
N-oi 22161 22166 22174
N-oo 22019 22026 22032
N-oor 22237 22243 22253
N-ou 22175 22182 22188
N-p 21811 21818 21820
N-p_ 21811 21818 21820
N-r 21730 21736 21740
N-s 21874 21879 21886
N-s_ 21874 21879 21886
N-sh 21887 21894 21898
N-t 21821 21827 21831
N-t_ 21821 21827 21831
N-th 21914 21921 21924
N-u 21973 21982 21985
N-uu 22116 22125 22132
N-v 21946 21955 21957
N-w 21741 21750 21751
N-y 21752 21763 21764
N-z 21925 21933 21936
N-zh 21937 21943 21945
_k-aa 2493 2497 2499
_k-ai 2612 2614 2621
_k-air 2730 2734 2737
_k-ar 2552 2555 2558
_k-aw 2572 2575 2580
_k-e 2426 2430 2431
_k-ee 2509 2515 2517
_k-eer 2749 2751 2760
_k-er 2530 2533 2536
_k-i 2441 2446 2448
_k-ie 2633 2636 2642
_k-o 2460 2464 2466
_k-oa 2709 2713 2715
_k-oi 2656 2658 2664
_k-oo 2475 2479 2483
_k-oor 2773 2779 2781
_k-ou 2682 2686 2696
_k-u 2410 2414 2416
_k-uu 2590 2593 2598
_k_-_l 15336 15340 15342
_k_-_ll 15360 15364 15366
_k_-_r 15272 15273 15276
_k_-_w 15289 15291 15293
_k_-_y 15314 15317 15318
_l-a 5769 5771 5773
_l-aa 521 524 526
_l-ai 568 573 575
_l-air 614 617 627
_l-ar 544 547 552
_l-aw 553 556 560
_l-e 493 497 499
_l-ee 527 532 534
_l-eer 628 633 639
_l-er 535 537 543
_l-i 500 505 507
_l-ie 576 578 587
_l-o 508 513 515
_l-oa 605 608 613
_l-oi 588 590 593
_l-oo 516 518 520
_l-oor 640 648 651
_l-ou 594 596 604
_l-u 484 490 492
_l-uu 561 563 567
_p-aa 1710 1710 1714
_p-ai 1837 1839 1845
_p-air 1950 1953 1961
_p-ar 1763 1766 1772
_p-aw 1794 1796 1801
_p-e 1675 1676 1678
_p-ee 1715 1717 1720
_p-eer 1978 1981 1987
_p-er 1734 1737 1740
_p-i 1679 1681 1683
_p-ie 1860 1862 1867
_p-o 1692 1693 1696
_p-oa 1925 1927 1933
_p-oi 1883 1886 1889
_p-oo 1704 1706 1709
_p-oor 1999 2005 2009
_p-ou 1903 1905 1914
_p-u 1662 1663 1666
_p-uu 1814 1817 1826
_p_-_l 14865 14867 14871
_p_-_ll 14891 14893 14897
_p_-_r 14800 14802 14804
_p_-_w 14821 14826 14827
_p_-_y 14843 14847 14848
_r-a 5724 5726 5727
_r-aa 34 37 38
_r-ai 86 89 95
_r-air 136 141 144
_r-ar 54 61 64
_r-aw 65 67 76
_r-e 8 13 15
_r-ee 39 44 45
_r-eer 145 149 154
_r-er 46 52 53
_r-i 16 19 20
_r-ie 96 100 106
_r-o 21 23 27
_r-oa 126 130 135
_r-oi 107 111 115
_r-oo 28 31 33
_r-oor 155 160 164
_r-ou 116 118 125
_r-u 1 4 7
_r-uu 77 80 85
_t-aa 2110 2114 2116
_t-ai 2238 2240 2244
_t-air 2344 2347 2352
_t-ar 2173 2177 2185
_t-aw 2199 2202 2205
_t-e 2040 2043 2045
_t-ee 2129 2131 2133
_t-eer 2368 2371 2377
_t-er 2149 2152 2159
_t-i 2055 2060 2063
_t-ie 2259 2261 2266
_t-o 2075 2078 2079
_t-oa 2325 2329 2331
_t-oi 2280 2284 2289
_t-oo 2093 2096 2098
_t-oor 2391 2394 2401
_t-ou 2306 2309 2313
_t-u 2022 2025 2028
_t-uu 2217 2220 2225
_t_-_l 15053 15057 15059
_t_-_ll 15079 15083 15085
_t_-_r 14979 14983 14983
_t_-_w 15005 15007 15009
_t_-_y 15029 15033 15033
_w-a 5743 5745 5747
_w-aa 198 200 204
_w-ai 246 247 253
_w-air 293 296 303
_w-ar 218 219 224
_w-aw 225 229 236
_w-e 172 176 179
_w-ee 205 209 212
_w-eer 304 306 313
_w-er 213 214 217
_w-i 180 183 185
_w-ie 254 257 262
_w-o 186 190 191
_w-oa 284 286 292
_w-oi 263 266 271
_w-oo 192 194 197
_w-oor 314 317 324
_w-ou 272 274 283
_w-u 165 169 171
_w-uu 237 242 245
_y-a 5752 5756 5757
_y-aa 357 359 363
_y-ai 404 407 412
_y-air 451 454 458
_y-ar 382 385 389
_y-aw 390 392 396
_y-e 331 335 337
_y-ee 364 366 370
_y-eer 459 462 469
_y-er 371 374 381
_y-i 338 339 342
_y-ie 413 417 421
_y-o 343 345 349
_y-oa 441 444 450
_y-oi 422 426 432
_y-oo 350 353 356
_y-oor 470 474 483
_y-ou 433 436 440
_y-u 325 327 330
_y-uu 397 401 403
a-# 1048 1056 1056
a-a 14097 14106 14111
a-aa 13457 13466 13470
a-ai 13702 13710 13712
a-air 13937 13946 13952
a-ar 13569 13576 13583
a-aw 13615 13620 13626
a-b 22345 22347 22352
a-ch 22472 22475 22482
a-d 22353 22357 22360
a-dh 22412 22416 22420
a-e 13377 13385 13388
a-ee 13480 13488 13491
a-eer 13999 14004 14008
a-er 13518 13526 13531
a-f 22396 22401 22411
a-g 22361 22367 22371
a-h 22491 22498 22502
a-i 13396 13404 13406
a-ie 13745 13752 13754
a-j 22483 22487 22490
a-k 22337 22342 22344
a-k_ 22337 22342 22344
a-l 22280 22286 22289
a-ll 22290 22296 22299
a-m 22300 22304 22309
a-n 22310 22316 22318
a-ng 22503 22507 22510
a-o 13416 13423 13425
a-oa 13891 13902 13905
a-oi 13786 13796 13801
a-oo 13438 13446 13449
a-oor 14031 14041 14048
a-ou 13851 13857 13860
a-p 22319 22323 22328
a-p_ 22319 22323 22328
a-r 22254 22259 22261
a-s 22372 22375 22384
a-s_ 22372 22375 22384
a-sh 22385 22389 22395
a-t 22329 22336 22336
a-t_ 22329 22336 22336
a-th 22455 22460 22471
a-u 13358 13364 13366
a-uu 13654 13663 13666
a-v 22443 22450 22454
a-w 22262 22267 22269
a-y 22270 22277 22279
a-z 22421 22427 22430
a-zh 22431 22439 22442
aa-b 7568 7575 7577
aa-ch 7707 7714 7721
aa-d 7578 7584 7588
aa-dh 7695 7704 7706
aa-f 7628 7630 7644
aa-g 7589 7596 7601
aa-h 7733 7741 7745
aa-j 7722 7727 7732
aa-k 7552 7562 7567
aa-k_ 7552 7562 7567
aa-l 7475 7480 7486
aa-ll 7487 7492 7498
aa-m 7499 7502 7510
aa-n 7511 7518 7524
aa-ng 7525 7530 7536
aa-p 7537 7543 7551
aa-p_ 7537 7543 7551
aa-r 22616 22623 22626
aa-s 7602 7607 7611
aa-s_ 7602 7607 7611
aa-sh 7612 7618 7627
aa-t 1140 1147 1153
aa-t_ 1140 1147 1153
aa-th 7645 7651 7656
aa-v 7682 7688 7694
aa-w 7453 7458 7463
aa-y 7464 7468 7474
aa-z 7657 7665 7668
aa-zh 7669 7677 7681
ai-# 13729 13741 13744
ai-L 20400 20407 20412
ai-M 20488 20495 20500
ai-N 20560 20570 20578
ai-a 13721 13724 13728
ai-aa 12012 12014 12017
ai-ai 12064 12071 12072
ai-air 12113 12115 12117
ai-ar 12036 12041 12043
ai-aw 12044 12049 12053
ai-b 8909 8914 8920
ai-ch 9043 9055 9055
ai-d 8921 8927 8927
ai-dh 9032 9037 9042
ai-e 11984 11987 11988
ai-ee 12018 12022 12026
ai-eer 12118 12125 12127
ai-er 12027 12031 12035
ai-f 8965 8973 8977
ai-g 8928 8937 8937
ai-h 9072 9079 9081
ai-i 11989 11993 11995
ai-ie 12073 12075 12082
ai-j 9056 9071 9071
ai-k 8896 8904 8908
ai-k_ 8896 8904 8908
ai-l 8829 8835 8838
ai-ll 8839 8845 8848
ai-m 8849 8854 8857
ai-n 8858 8867 8870
ai-ng 8871 8874 8882
ai-o 11996 12002 12003
ai-oa 12104 12110 12112
ai-oi 12083 12090 12092
ai-oo 12004 12006 12011
ai-oor 12128 12135 12139
ai-ou 12093 12099 12103
ai-p 8883 8889 8895
ai-p_ 8883 8889 8895
ai-r 8797 8801 8806
ai-s 8938 8944 8952
ai-s_ 8938 8944 8952
ai-sh 8953 8960 8964
ai-t 1208 1215 1222
ai-t_ 1208 1215 1222
ai-th 8978 8982 8990
ai-u 11978 11979 11983
ai-uu 12054 12058 12063
ai-v 9021 9028 9031
ai-w 8807 8819 8821
ai-y 8822 8824 8828
ai-z 8991 8997 9004
ai-zh 9005 9018 9020
air-# 13975 13983 13983
air-a 13965 13968 13974
air-aa 12855 12858 12861
air-ai 12910 12916 12919
air-air 12967 12975 12978
air-ar 12881 12884 12888
air-aw 12889 12894 12898
air-b 10338 10345 10347
air-ch 10470 10477 10481
air-d 10348 10357 10361
air-dh 10460 10468 10469
air-e 12823 12829 12830
air-ee 12862 12868 12872
air-eer 12979 12987 12991
air-er 12873 12877 12880
air-f 10396 10402 10412
air-g 10362 10368 10371
air-h 10491 10499 10502
air-i 12831 12834 12838
air-ie 12920 12925 12930
air-j 10482 10488 10490
air-k 10326 10332 10337
air-k_ 10326 10332 10337
air-l 10270 10273 10277
air-ll 10278 10281 10285
air-m 10286 10289 10293
air-n 10294 10299 10303
air-ng 10304 10308 10314
air-o 12839 12845 12847
air-oa 12957 12960 12966
air-oi 12931 12939 12943
air-oo 12848 12850 12854
air-oor 12992 12998 13004
air-ou 12944 12953 12956
air-p 10315 10320 10325
air-p_ 10315 10320 10325
air-r 10243 10251 10253
air-s 10372 10378 10385
air-s_ 10372 10378 10385
air-sh 10386 10389 10395
air-t 1272 1280 1284
air-t_ 1272 1280 1284
air-th 10413 10421 10427
air-u 12810 12817 12822
air-uu 12899 12900 12909
air-v 10452 10456 10459
air-w 10254 10256 10261
air-y 10262 10266 10269
air-z 10428 10437 10442
air-zh 10443 10450 10451
ar-# 13603 13609 13614
ar-a 13594 13597 13602
ar-aa 11539 11543 11546
ar-ai 19492 19504 19506
ar-air 11633 11638 11643
ar-ar 11566 11569 11572
ar-aw 11573 11575 11579
ar-b 5920 5927 5930
ar-ch 6161 6169 6171
ar-d 5941 5948 5949
ar-dh 6141 6147 6150
ar-e 11514 11518 11519
ar-ee 11547 11550 11555
ar-eer 11644 11648 11652
ar-er 11556 11559 11565
ar-f 6031 6035 6042
ar-g 5960 5967 5968
ar-h 22576 22581 22585
ar-i 11520 11527 11529
ar-ie 11595 11602 11603
ar-j 6187 6197 6198
ar-k 5898 5905 5909
ar-k_ 5898 5905 5909
ar-l 5758 5764 5768
ar-ll 5781 5787 5791
ar-m 5811 5816 5819
ar-n 22534 22540 22544
ar-ng 5839 5845 5847
ar-o 11530 11535 11538
ar-oa 11625 11628 11632
ar-oi 11604 11608 11610
ar-oo 19507 19516 19520
ar-oor 11653 11660 11666
ar-ou 11611 11615 11624
ar-p 5859 5865 5870
ar-p_ 5859 5865 5870
ar-r 5716 5720 5723
ar-s 5982 5985 5990
ar-s_ 5982 5985 5990
ar-sh 6007 6013 6016
ar-t 1168 1178 1183
ar-t_ 1168 1178 1183
ar-th 6055 6062 6067
ar-u 11507 11512 11513
ar-uu 11580 11582 11586
ar-v 6120 6126 6129
ar-w 5735 5737 5742
ar-y 22568 22574 22575
ar-z 6081 6088 6090
ar-zh 6104 6111 6114
aw-# 13643 13653 13653
aw-a 13635 13640 13642
aw-aa 11708 11713 11714
aw-ai 11762 11768 11771
aw-air 11804 11811 11814
aw-ar 11734 11738 11744
aw-aw 11745 11747 11752
aw-b 8369 8379 8384
aw-ch 8500 8507 8510
aw-d 8385 8394 8396
aw-dh 8487 8492 8499
aw-e 11676 11679 11683
aw-ee 11715 11720 11723
aw-eer 11815 11819 11823
aw-er 11724 11730 11733
aw-f 8436 8441 8447
aw-g 8397 8407 8411
aw-h 8524 8532 8536
aw-i 11684 11687 11689
aw-ie 11772 11777 11781
aw-j 8511 8520 8523
aw-k 8354 8364 8368
aw-k_ 8354 8364 8368
aw-l 8292 8302 8306
aw-ll 8292 8302 8306
aw-m 8307 8311 8315
aw-n 8316 8321 8325
aw-ng 8326 8333 8342
aw-o 11690 11694 11698
aw-oa 11796 11800 11803
aw-oi 11782 11786 11787
aw-oo 11699 11702 11707
aw-oor 11824 11830 11832
aw-ou 11788 11791 11795
aw-p 8343 8348 8353
aw-p_ 8343 8348 8353
aw-r 8259 8266 8268
aw-s 8412 8418 8424
aw-s_ 8412 8418 8424
aw-sh 8425 8430 8435
aw-t 1184 1190 1195
aw-t_ 1184 1190 1195
aw-th 8448 8457 8459
aw-u 11667 11672 11675
aw-uu 11753 11759 11761
aw-v 8476 8483 8486
aw-w 8269 8275 8280
aw-y 8281 8289 8291
aw-z 8460 8465 8468
aw-zh 8469 8472 8475
b-# 2793 2800 2802
b-L 19212 19214 19226
b-M 19227 19229 19241
b-N 19242 19243 19257
b-a 5931 5934 5936
b-aa 2844 2848 2851
b-ai 2898 2905 2908
b-air 2950 2960 2964
b-ar 2870 2875 2877
b-aw 2878 2882 2885
b-b 15613 15619 15619
b-ch 15717 15722 15722
b-d 15620 15624 15624
b-dh 15711 15713 15716
b-e 2788 2791 2792
b-ee 2852 2856 2859
b-eer 2965 2973 2975
b-er 2860 2865 2869
b-f 15658 15667 15671
b-g 15625 15634 15634
b-h 15733 15736 15738
b-i 2803 2807 2809
b-ie 2909 2913 2917
b-j 15723 15732 15732
b-k 15607 15612 15612
b-k_ 15607 15612 15612
b-l 15560 15562 15566
b-ll 15567 15569 15573
b-m 15574 15576 15580
b-n 15581 15588 15591
b-o 2831 2835 2836
b-oa 2942 2945 2949
b-oi 2918 2924 2928
b-oo 2837 2843 2843
b-oor 2976 2983 2988
b-ou 2929 2933 2941
b-p 15592 15599 15599
b-p_ 15592 15599 15599
b-r 15536 15540 15542
b-s 15635 15639 15646
b-s_ 15635 15639 15646
b-sh 15647 15649 15657
b-t 15600 15606 15606
b-t_ 15600 15606 15606
b-th 15672 15677 15681
b-u 2782 2785 2787
b-uu 2886 2892 2897
b-v 15701 15704 15710
b-w 15543 15548 15552
b-y 15553 15557 15559
b-z 15682 15686 15690
b-zh 15691 15694 15700
ch-# 5079 5106 5106
ch-L 19676 19688 19692
ch-M 19693 19702 19707
ch-N 19708 19716 19722
ch-a 6172 6179 6181
ch-aa 5065 5075 5078
ch-ai 5183 5192 5196
ch-air 5258 5268 5275
ch-ar 5136 5146 5152
ch-aw 5153 5163 5168
ch-b 18111 18126 18126
ch-ch 18287 18297 18299
ch-d 18127 18143 18143
ch-dh 18272 18282 18286
ch-e 5020 5027 5029
ch-ee 5107 5116 5119
ch-eer 5276 5285 5291
ch-er 5120 5130 5135
ch-f 18186 18197 18204
ch-g 18144 18156 18157
ch-h 18315 18321 18321
ch-i 5030 5038 5039
ch-ie 5197 5206 5210
ch-j 18300 18313 18314
ch-k 18098 18110 18110
ch-k_ 18098 18110 18110
ch-l 18007 18019 18020
ch-ll 18021 18033 18034
ch-m 18035 18048 18051
ch-n 18052 18061 18066
ch-o 5040 5050 5052
ch-oa 5241 5251 5257
ch-oi 5211 5221 5226
ch-oo 5053 5062 5064
ch-oor 5292 5300 5307
ch-ou 5227 5238 5240
ch-p 18067 18079 18082
ch-p_ 18067 18079 18082
ch-r 17964 17975 17978
ch-s 18158 18167 18170
ch-s_ 18158 18167 18170
ch-sh 18171 18182 18185
ch-t 18083 18097 18097
ch-t_ 18083 18097 18097
ch-th 18205 18222 18223
ch-u 5008 5018 5019
ch-uu 5169 5179 5182
ch-v 18257 18268 18271
ch-w 17979 17989 17992
ch-y 17993 18006 18006
ch-z 18224 18235 18237
ch-zh 18238 18254 18256
d-# 3356 3360 3360
d-L 19258 19261 19272
d-M 19273 19277 19287
d-N 19288 19289 19300
d-a 5950 5951 5955
d-aa 3032 3038 3040
d-ai 3099 3101 3108
d-air 3161 3171 3174
d-ar 3064 3073 3075
d-aw 3076 3080 3088
d-b 15825 15831 15835
d-ch 15930 15936 15936
d-d 15836 15847 15847
d-dh 15924 15927 15929
d-e 2998 3002 3006
d-ee 3041 3044 3050
d-eer 3175 3180 3189
d-er 3051 3059 3063
d-f 15880 15883 15888
d-g 15848 15854 15857
d-h 15941 15944 15947
d-i 3007 3012 3014
d-ie 3109 3112 3122
d-j 15937 15939 15940
d-k 15821 15823 15824
d-k_ 15821 15823 15824
d-l 15764 15768 15771
d-ll 15772 15777 15779
d-m 15780 15786 15789
d-n 15790 15792 15798
d-o 3015 3020 3023
d-oa 2325 2329 2331
d-oi 3123 3134 3137
d-oo 3024 3030 3031
d-oor 3190 3198 3200
d-ou 3138 3141 3148
d-p 15799 15803 15807
d-p_ 15799 15803 15807
d-r 15739 15740 15745
d-s 15858 15862 15868
d-s_ 15858 15862 15868
d-sh 15869 15872 15879
d-t 15808 15819 15820
d-t_ 15808 15819 15820
d-th 15889 15894 15899
d-u 2989 2996 2997
d-uu 3089 3092 3098
d-v 15918 15919 15923
d-w 15746 15753 15754
d-y 15755 15760 15763
d-z 15900 15908 15910
d-zh 15911 15914 15917
dh-# 4939 4942 4948
dh-L 19640 19645 19651
dh-M 19652 19657 19661
dh-N 19662 19664 19675
dh-a 6151 6152 6155
dh-aa 4852 4856 4860
dh-ai 4907 4910 4918
dh-air 4979 4983 4988
dh-ar 4878 4879 4883
dh-aw 4884 4893 4897
dh-b 17818 17827 17827
dh-ch 17937 17944 17945
dh-d 17828 17835 17835
dh-dh 17925 17930 17936
dh-e 4821 4825 4828
dh-ee 4861 4865 4867
dh-eer 4989 4990 4998
dh-er 4868 4870 4877
dh-f 17864 17875 17877
dh-g 17836 17843 17843
dh-h 17953 17959 17963
dh-i 4829 4832 4836
dh-ie 4919 4922 4931
dh-j 17946 17952 17952
dh-k 17807 17817 17817
dh-k_ 17807 17817 17817
dh-l 17753 17754 17758
dh-ll 17759 17760 17764
dh-m 17765 17774 17777
dh-n 17778 17782 17786
dh-o 4837 4840 4843
dh-oa 4971 4973 4978
dh-oi 4949 4953 4962
dh-oo 4844 4850 4851
dh-oor 4999 5002 5007
dh-ou 4963 4968 4970
dh-p 17787 17792 17796
dh-p_ 17787 17792 17796
dh-r 17728 17732 17733
dh-s 17844 17847 17852
dh-s_ 17844 17847 17852
dh-sh 17853 17854 17863
dh-t 17797 17806 17806
dh-t_ 17797 17806 17806
dh-th 17878 17892 17894
dh-u 4809 4814 4820
dh-uu 4898 4900 4906
dh-v 17914 17920 17924
dh-w 17734 17741 17743
dh-y 17744 17750 17752
dh-z 17895 17898 17901
dh-zh 17902 17911 17913
e-b 6524 6529 6534
e-ch 6640 6645 6649
e-d 6535 6540 6542
e-dh 6633 6635 6639
e-f 6577 6584 6591
e-g 6543 6547 6553
e-h 6659 6663 6668
e-j 6650 6653 6658
e-k 6512 6514 6523
e-k_ 6512 6514 6523
e-l 6454 6459 6460
e-ll 6461 6464 6467
e-m 6468 6470 6477
e-n 6478 6482 6486
e-ng 6487 6493 6498
e-p 6499 6506 6511
e-p_ 6499 6506 6511
e-r 6427 6430 6433
e-s 6554 6558 6564
e-s_ 6554 6558 6564
e-sh 6565 6568 6576
e-t 1088 1093 1101
e-t_ 1088 1093 1101
e-th 6592 6595 6601
e-v 6624 6627 6632
e-w 6434 6438 6444
e-y 6445 6449 6453
e-z 6602 6608 6612
e-zh 6613 6618 6623
ee-# 13508 13516 13517
ee-L 20388 20394 20399
ee-M 20476 20482 20487
ee-N 20549 20556 20559
ee-a 13501 13505 13507
ee-aa 11223 11226 11228
ee-ai 11274 11277 11281
ee-air 11320 11326 11327
ee-ar 11247 11253 11254
ee-aw 11255 11257 11264
ee-b 7838 7844 7846
ee-ch 7955 7963 7966
ee-d 7847 7851 7853
ee-dh 7947 7952 7954
ee-e 11192 11198 11199
ee-ee 11229 11231 11237
ee-eer 11328 11332 11339
ee-er 11238 11243 11246
ee-f 7889 7898 7900
ee-g 7854 7860 7862
ee-h 7975 7980 7984
ee-i 11200 11202 11206
ee-ie 11282 11286 11288
ee-j 7967 7972 7974
ee-k 7824 7832 7837
ee-k_ 7824 7832 7837
ee-l 7774 7777 7778
ee-ll 7779 7781 7783
ee-m 7784 7790 7793
ee-n 7794 7800 7802
ee-ng 7803 7808 7811
ee-o 11207 11210 11214
ee-oa 11307 11312 11319
ee-oi 11289 11292 11297
ee-oo 11215 11219 11222
ee-oor 11340 11346 11350
ee-ou 11298 11302 11306
ee-p 7812 7818 7823
ee-p_ 7812 7818 7823
ee-r 7746 7752 7756
ee-s 7863 7869 7875
ee-s_ 7863 7869 7875
ee-sh 7876 7882 7888
ee-t 22677 22680 22684
ee-t_ 22677 22680 22684
ee-th 7901 7907 7915
ee-u 11186 11189 11191
ee-uu 11265 11267 11273
ee-v 7939 7945 7946
ee-w 7757 7762 7763
ee-y 7764 7770 7773
ee-z 7916 7921 7925
ee-zh 7926 7935 7938
eer-# 14019 14030 14030
eer-a 14009 14014 14018
eer-aa 13049 13053 13055
eer-ai 13109 13113 13117
eer-air 13159 13161 13166
eer-ar 13077 13083 13085
eer-aw 13086 13095 13099
eer-b 10615 10623 10627
eer-ch 10750 10757 10759
eer-d 10628 10633 10637
eer-dh 10741 10747 10749
eer-e 13011 13019 13020
eer-ee 13056 13060 13064
eer-eer 13167 13175 13178
eer-er 13065 13073 13076
eer-f 10678 10685 10692
eer-g 10638 10643 10647
eer-h 10772 10783 10784
eer-i 13021 13027 13029
eer-ie 13118 13126 13127
eer-j 10760 10770 10771
eer-k 10601 10608 10614
eer-k_ 10601 10608 10614
eer-l 10533 10537 10541
eer-ll 10542 10546 10550
eer-m 10551 10559 10562
eer-n 10563 10568 10573
eer-ng 10574 10579 10584
eer-o 13030 13037 13041
eer-oa 13148 13156 13158
eer-oi 13128 13136 13139
eer-oo 13042 13046 13048
eer-oor 13179 13187 13191
eer-ou 13140 13144 13147
eer-p 10585 10592 10600
eer-p_ 10585 10592 10600
eer-r 10503 10512 10514
eer-s 10648 10653 10661
eer-s_ 10648 10653 10661
eer-sh 10662 10670 10677
eer-t 1285 1293 1296
eer-t_ 1285 1293 1296
eer-th 10693 10700 10706
eer-u 13005 13009 13010
eer-uu 13100 13104 13108
eer-v 10731 10737 10740
eer-w 10515 10520 10525
eer-y 10526 10529 10532
eer-z 10707 10712 10718
eer-zh 10719 10725 10730
er-# 13558 13566 13568
er-a 13544 13555 13557
er-aa 11389 11394 11395
er-ai 11443 11446 11448
er-air 11479 11485 11486
er-ar 11413 11416 11421
er-aw 11422 11425 11430
er-b 8112 8117 8121
er-ch 8226 8235 8237
er-d 8122 8127 8131
er-dh 8216 8223 8225
er-e 11357 11362 11364
er-ee 11396 11404 11405
er-eer 11487 11489 11496
er-er 11406 11410 11412
er-f 8168 8175 8180
er-g 8132 8137 8141
er-h 8250 8254 8258
er-i 11365 11370 11373
er-ie 11449 11455 11456
er-j 8238 8246 8249
er-k 8097 8107 8111
er-k_ 8097 8107 8111
er-l 8020 8028 8033
er-ll 8034 8042 8047
er-m 8048 8053 8057
er-n 8058 8062 8067
er-ng 8068 8077 8081
er-o 11374 11380 11381
er-oa 11472 11475 11478
er-oi 11457 11461 11463
er-oo 11382 11386 11388
er-oor 11497 11501 11506
er-ou 11464 11469 11471
er-p 8082 8090 8096
er-p_ 8082 8090 8096
er-r 7985 7991 7996
er-s 8142 8149 8151
er-s_ 8142 8149 8151
er-sh 8152 8158 8167
er-t 1154 1161 1167
er-t_ 1154 1161 1167
er-th 8181 8187 8189
er-u 11351 11354 11356
er-uu 11431 11438 11442
er-v 8208 8213 8215
er-w 7997 8004 8007
er-y 8008 8016 8019
er-z 8190 8196 8199
er-zh 8200 8204 8207
f-# 3892 3897 3898
f-L 19429 19434 19443
f-M 19444 19445 19461
f-N 19462 19467 19472
f-a 6043 6046 6048
f-aa 3844 3847 3849
f-ai 3931 3934 3939
f-air 3979 3982 3988
f-ar 3899 3904 3912
f-aw 3913 3918 3921
f-b 16784 16790 16795
f-ch 16902 16911 16911
f-d 16796 16806 16806
f-dh 16891 16901 16901
f-e 3814 3819 3820
f-ee 3850 3855 3859
f-eer 3989 3998 4001
f-er 3860 3865 3869
f-f 16836 16838 16848
f-g 16807 16816 16816
f-h 16921 16925 16928
f-i 3821 3828 3829
f-ie 3940 3945 3948
f-j 16912 16915 16920
f-k 16775 16783 16783
f-k_ 16775 16783 16783
f-l 16723 16727 16730
f-ll 16731 16735 16738
f-m 16739 16744 16747
f-n 16748 16751 16752
f-o 3830 3834 3836
f-oa 3970 3973 3978
f-oi 3949 3952 3960
f-oo 3837 3842 3843
f-oor 4002 4009 4013
f-ou 3961 3967 3969
f-p 16753 16763 16763
f-p_ 16753 16763 16763
f-r 16694 16705 16707
f-s 16817 16819 16825
f-s_ 16817 16819 16825
f-sh 16826 16828 16835
f-t 16764 16773 16774
f-t_ 16764 16773 16774
f-th 16849 16854 16859
f-u 3806 3812 3813
f-uu 3922 3925 3930
f-v 16881 16888 16890
f-w 16708 16713 16716
f-y 16717 16721 16722
f-z 16860 16861 16870
f-zh 16871 16874 16880
g-# 3361 3364 3368
g-L 19301 19306 19315
g-M 19316 19319 19322
g-N 19323 19325 19334
g-a 5969 5972 5974
g-aa 3241 3247 3249
g-ai 3309 3313 3322
g-air 3379 3384 3387
g-ar 3271 3282 3284
g-aw 3285 3294 3297
g-b 16025 16031 16031
g-ch 16117 16123 16124
g-d 16032 16041 16041
g-dh 16108 16110 16116
g-e 3207 3212 3214
g-ee 3250 3256 3258
g-eer 3388 3396 3400
g-er 3259 3268 3270
g-f 16069 16075 16078
g-g 16042 16053 16053
g-h 16132 16136 16139
g-i 3215 3221 3223
g-ie 3323 3330 3333
g-j 16125 16130 16131
g-k 16018 16024 16024
g-k_ 16018 16024 16024
g-l 15968 15973 15975
g-ll 15976 15981 15983
g-m 15984 15988 15991
g-n 15992 15997 16000
g-o 3224 3230 3233
g-oa 3369 3372 3378
g-oi 3334 3341 3343
g-oo 3234 3239 3240
g-oor 3401 3410 3414
g-ou 3344 3353 3355
g-p 16001 16009 16009
g-p_ 16001 16009 16009
g-r 15948 15951 15954
g-s 16054 16056 16060
g-s_ 16054 16056 16060
g-sh 16061 16063 16068
g-t 16010 16017 16017
g-t_ 16010 16017 16017
g-th 16079 16082 16086
g-u 3201 3205 3206
g-uu 3298 3304 3308
g-v 16099 16103 16107
g-w 15955 15957 15960
g-y 15961 15963 15967
g-z 16087 16091 16092
g-zh 16093 16095 16098
h-L 19808 19811 19820
h-M 19821 19823 19829
h-N 19830 19837 19841
h-a 6206 6208 6209
h-aa 5591 5594 5596
h-ai 5631 5634 5637
h-air 5677 5681 5687
h-ar 5608 5611 5613
h-aw 5614 5617 5621
h-e 22692 22697 22699
h-ee 22641 22644 22646
h-eer 5688 5691 5696
h-er 5597 5603 5607
h-i 22668 22673 22676
h-ie 5638 5642 5649
h-o 22654 22659 22660
h-oa 5669 5673 5676
h-oi 5650 5654 5658
h-oo 22661 22665 22667
h-oor 5697 5702 5706
h-ou 5659 5662 5668
h-u 5584 5587 5590
h-uu 5622 5625 5630
i-# 13508 13516 13517
i-L 20388 20394 20399
i-M 20476 20482 20487
i-N 20549 20556 20559
i-a 13501 13505 13507
i-aa 11223 11226 11228
i-ai 11274 11277 11281
i-air 11320 11326 11327
i-ar 11247 11253 11254
i-aw 11255 11257 11264
i-b 6763 6768 6773
i-ch 6883 6893 6893
i-d 6774 6779 6784
i-dh 6873 6878 6882
i-e 11192 11198 11199
i-ee 11229 11231 11237
i-eer 11328 11332 11339
i-er 11238 11243 11246
i-f 6814 6817 6825
i-g 6785 6789 6793
i-h 6903 6908 6914
i-i 11200 11202 11206
i-ie 11282 11286 11288
i-j 6894 6901 6902
i-k 6749 6755 6762
i-k_ 6749 6755 6762
i-l 6691 6695 6698
i-ll 6699 6703 6706
i-m 6707 6710 6715
i-n 6716 6720 6724
i-ng 6725 6729 6735
i-o 11207 11210 11214
i-oa 11307 11312 11319
i-oi 11289 11292 11297
i-oo 11215 11219 11222
i-oor 11340 11346 11350
i-ou 11298 11302 11306
i-p 6736 6742 6748
i-p_ 6736 6742 6748
i-r 6669 6671 6674
i-s 6794 6798 6803
i-s_ 6794 6798 6803
i-sh 6804 6809 6813
i-t 1102 1106 1113
i-t_ 1102 1106 1113
i-th 6826 6830 6838
i-u 11186 11189 11191
i-uu 11265 11267 11273
i-v 6862 6864 6872
i-w 6675 6677 6681
i-y 6682 6685 6690
i-z 6839 6845 6852
i-zh 6853 6856 6861
ie-# 13773 13784 13785
ie-L 20413 20421 20428
ie-M 20501 20510 20514
ie-N 20579 20593 20597
ie-a 13766 13769 13772
ie-aa 12181 12186 12188
ie-ai 12228 12231 12235
ie-air 12269 12272 12278
ie-ar 12202 12204 12209
ie-aw 12210 12214 12218
ie-b 9217 9225 9227
ie-ch 9355 9362 9364
ie-d 9228 9232 9233
ie-dh 9340 9348 9354
ie-e 12148 12151 12154
ie-ee 12189 12191 12194
ie-eer 12279 12282 12286
ie-er 12195 12197 12201
ie-f 9274 9280 9285
ie-g 9234 9239 9243
ie-h 9380 9391 9395
ie-i 12155 12157 12161
ie-ie 12236 12238 12243
ie-j 9365 9375 9379
ie-k 9206 9211 9216
ie-k_ 9206 9211 9216
ie-l 9120 9128 9133
ie-ll 9134 9142 9147
ie-m 9148 9159 9161
ie-n 9162 9171 9174
ie-ng 9175 9183 9189
ie-o 12162 12168 12170
ie-oa 12261 12265 12268
ie-oi 12244 12249 12253
ie-oo 12171 12178 12180
ie-oor 12287 12292 12298
ie-ou 12254 12259 12260
ie-p 9190 9200 9205
ie-p_ 9190 9200 9205
ie-r 9082 9091 9094
ie-s 9244 9253 9257
ie-s_ 9244 9253 9257
ie-sh 9258 9265 9273
ie-t 1223 1229 1236
ie-t_ 1223 1229 1236
ie-th 9286 9293 9295
ie-u 12140 12145 12147
ie-uu 12219 12221 12227
ie-v 9324 9335 9339
ie-w 9095 9103 9106
ie-y 9107 9116 9119
ie-z 9296 9307 9309
ie-zh 9310 9320 9323
j-# 5420 5443 5443
j-L 19765 19771 19779
j-M 19780 19787 19793
j-N 19794 19801 19807
j-a 6199 6204 6205
j-aa 5361 5366 5368
j-ai 5470 5477 5484
j-air 5543 5549 5553
j-ar 5404 5411 5419
j-aw 5444 5451 5455
j-b 18452 18465 18465
j-ch 18608 18621 18622
j-d 18466 18478 18479
j-dh 18595 18605 18607
j-e 5319 5325 5328
j-ee 5369 5387 5391
j-eer 5554 5561 5569
j-er 5392 5398 5403
j-f 18520 18531 18534
j-g 18480 18492 18492
j-h 18635 18641 18648
j-i 5329 5336 5337
j-ie 5485 5491 5502
j-j 18623 18632 18634
j-k 18440 18451 18451
j-k_ 18440 18451 18451
j-l 18358 18368 18370
j-ll 18371 18381 18383
j-m 18384 18394 18396
j-n 18397 18407 18410
j-o 5338 5346 5349
j-oa 5531 5538 5542
j-oi 5503 5509 5516
j-oo 5350 5357 5360
j-oor 5570 5577 5583
j-ou 5517 5524 5530
j-p 18411 18424 18424
j-p_ 18411 18424 18424
j-r 18322 18332 18333
j-s 18493 18501 18506
j-s_ 18493 18501 18506
j-sh 18507 18512 18519
j-t 18425 18439 18439
j-t_ 18425 18439 18439
j-th 18535 18550 18554
j-u 5308 5317 5318
j-uu 5456 5462 5469
j-v 18583 18590 18594
j-w 18334 18343 18344
j-y 18345 18356 18357
j-z 18555 18567 18568
j-zh 18569 18580 18582
k-# 2820 2828 2830
k-L 19165 19170 19180
k-M 19181 19187 19197
k-N 19198 19203 19211
k-a 5910 5914 5915
k-aa 2484 2491 2492
k-ai 2599 2606 2611
k-air 2716 2722 2729
k-ar 2537 2545 2551
k-aw 2559 2566 2571
k-b 15406 15413 15413
k-ch 15509 15518 15518
k-d 15414 15421 15421
k-dh 15498 15503 15508
k-e 2417 2422 2425
k-ee 2500 2506 2508
k-eer 2738 2745 2748
k-er 2518 2526 2529
k-f 15447 15449 15455
k-g 15422 15427 15427
k-h 15527 15533 15535
k-i 2432 2440 2440
k-ie 2622 2627 2632
k-j 15519 15525 15526
k-k 15398 15405 15405
k-k_ 15398 15405 15405
k-l 15319 15323 15327
k-ll 15343 15347 15351
k-m 15367 15372 15376
k-n 15377 15382 15385
k-o 2449 2457 2459
k-oa 2697 2704 2708
k-oi 2643 2650 2655
k-oo 2467 2474 2474
k-oor 2761 2768 2772
k-ou 2665 2679 2681
k-p 15386 15391 15391
k-p_ 15386 15391 15391
k-r 15255 15259 15263
k-s 15428 15432 15437
k-s_ 15428 15432 15437
k-sh 15438 15439 15446
k-t 15392 15397 15397
k-t_ 15392 15397 15397
k-th 15456 15465 15467
k-u 2402 2408 2409
k-uu 2581 2588 2589
k-v 15490 15496 15497
k-w 15277 15279 15280
k-y 15294 15299 15303
k-z 15468 15471 15477
k-zh 15478 15479 15489
k_-_l 15328 15335 15335
k_-_ll 15352 15359 15359
k_-_r 15264 15271 15271
k_-_w 15281 15288 15288
k_-_y 15304 15312 15313
k_-aa 2493 2497 2499
k_-ai 2612 2614 2621
k_-air 2730 2734 2737
k_-ar 2552 2555 2558
k_-aw 2572 2575 2580
k_-e 2426 2430 2431
k_-ee 2509 2515 2517
k_-eer 2749 2751 2760
k_-er 2530 2533 2536
k_-i 2441 2446 2448
k_-ie 2633 2636 2642
k_-o 2460 2464 2466
k_-oa 2709 2713 2715
k_-oi 2656 2658 2664
k_-oo 2475 2479 2483
k_-oor 2773 2779 2781
k_-ou 2682 2686 2696
k_-u 2410 2414 2416
k_-uu 2590 2593 2598
l-# 1057 1062 1066
l-L 18956 18960 18961
l-M 18962 18967 18968
l-N 18969 18975 18976
l-a 5769 5771 5773
l-aa 521 524 526
l-ai 568 573 575
l-air 614 617 627
l-ar 544 547 552
l-aw 553 556 560
l-b 20069 20076 20077
l-ch 20170 20176 20176
l-d 20078 20082 20087
l-dh 20163 20165 20169
l-e 493 497 499
l-ee 527 532 534
l-eer 628 633 639
l-er 535 537 543
l-f 20115 20125 20127
l-g 20088 20095 20095
l-h 20183 20185 20191
l-i 500 505 507
l-ie 576 578 587
l-j 20177 20179 20182
l-k 20059 20062 20068
l-k_ 20059 20062 20068
l-l 20017 20018 20019
l-m 20020 20024 20027
l-n 20028 20036 20036
l-o 508 513 515
l-oa 605 608 613
l-oi 588 590 593
l-oo 516 518 520
l-oor 640 648 651
l-ou 594 596 604
l-p 20037 20041 20047
l-p_ 20037 20041 20047
l-r 19996 19999 20003
l-s 20096 20099 20104
l-s_ 20096 20099 20104
l-sh 20105 20109 20114
l-t 20048 20053 20058
l-t_ 20048 20053 20058
l-th 20128 20134 20140
l-u 484 490 492
l-uu 561 563 567
l-v 20155 20161 20162
l-w 20004 20007 20010
l-y 20011 20012 20016
l-z 20141 20143 20148
l-zh 20149 20151 20154
ll-# 1057 1062 1066
ll-L 18977 18981 18982
ll-M 18983 18988 18989
ll-N 18990 18996 18997
ll-a 5792 5794 5796
ll-aa 689 692 694
ll-ai 736 741 743
ll-air 782 785 795
ll-ar 712 715 720
ll-aw 721 724 728
ll-b 20265 20268 20273
ll-ch 20366 20372 20372
ll-d 20274 20279 20283
ll-dh 20359 20361 20365
ll-e 661 665 667
ll-ee 695 700 702
ll-eer 796 801 807
ll-er 703 705 711
ll-f 20311 20321 20323
ll-g 20284 20291 20291
ll-h 20379 20381 20387
ll-i 668 673 675
ll-ie 744 746 755
ll-j 20373 20375 20378
ll-k 20255 20258 20264
ll-k_ 20255 20258 20264
ll-l 20213 20214 20215
ll-m 20216 20220 20223
ll-n 20224 20232 20232
ll-o 676 681 683
ll-oa 773 775 781
ll-oi 756 758 761
ll-oo 684 686 688
ll-oor 808 816 819
ll-ou 762 764 772
ll-p 20233 20243 20243
ll-p_ 20233 20243 20243
ll-r 20192 20195 20199
ll-s 20292 20295 20300
ll-s_ 20292 20295 20300
ll-sh 20301 20305 20310
ll-t 20244 20249 20254
ll-t_ 20244 20249 20254
ll-th 20324 20330 20336
ll-u 652 658 660
ll-uu 729 731 735
ll-v 20351 20357 20358
ll-w 20200 20201 20206
ll-y 20207 20208 20212
ll-z 20337 20339 20344
ll-zh 20345 20347 20350
m-# 14170 14173 14176
m-L 18998 19000 19004
m-M 19005 19007 19017
m-N 19018 19020 19028
m-a 5820 5822 5824
m-aa 854 858 859
m-ai 909 914 920
m-air 966 974 979
m-ar 875 880 884
m-aw 885 888 895
m-b 14197 14201 14205
m-ch 14312 14318 14320
m-d 14206 14213 14213
m-dh 14302 14309 14311
m-e 828 830 832
m-ee 860 863 864
m-eer 980 984 993
m-er 865 869 874
m-f 14245 14254 14256
m-g 14214 14221 14222
m-h 14328 14332 14335
m-i 833 838 839
m-ie 921 928 935
m-j 14321 14327 14327
m-k 14187 14195 14196
m-k_ 14187 14195 14196
m-l 14130 14133 14136
m-ll 14137 14140 14143
m-m 14144 14152 14153
m-n 14154 14157 14160
m-o 840 844 846
m-oa 956 959 965
m-oi 936 940 946
m-oo 847 851 853
m-oor 994 1001 1007
m-ou 947 949 955
m-p 14161 14166 14169
m-p_ 14161 14166 14169
m-r 14112 14115 14116
m-s 14223 14227 14232
m-s_ 14223 14227 14232
m-sh 14233 14237 14244
m-t 14177 14182 14186
m-t_ 14177 14182 14186
m-th 14257 14262 14269
m-u 820 825 827
m-uu 896 902 908
m-v 14291 14293 14301
m-w 14117 14120 14123
m-y 14124 14127 14129
m-z 14270 14276 14279
m-zh 14280 14285 14290
n-# 14413 14418 14420
n-L 19029 19032 19037
n-M 19038 19041 19047
n-N 19048 19057 19061
n-a 5831 5833 5834
n-aa 1309 1312 1315
n-ai 1362 1365 1370
n-air 1415 1417 1427
n-ar 1329 1332 1341
n-aw 1342 1350 1354
n-b 14430 14438 14441
n-ch 14544 14547 14547
n-d 14442 14449 14451
n-dh 14535 14540 14543
n-e 1018 1020 1022
n-ee 1316 1318 1320
n-eer 1428 1433 1438
n-er 1321 1324 1328
n-f 14483 14488 14494
n-g 14452 14459 14459
n-h 14554 14558 14563
n-i 1023 1029 1030
n-ie 1371 1375 1379
n-j 14548 14553 14553
n-k 14421 14427 14429
n-k_ 14421 14427 14429
n-l 14362 14368 14369
n-ll 14370 14376 14377
n-m 14378 14380 14384
n-n 14385 14392 14395
n-o 1031 1040 1042
n-oa 1405 1408 1414
n-oi 1380 1382 1387
n-oo 1043 1045 1047
n-oor 1439 1442 1451
n-ou 1388 1395 1404
n-p 14396 14404 14404
n-p_ 14396 14404 14404
n-r 14336 14338 14341
n-s 14460 14465 14471
n-s_ 14460 14465 14471
n-sh 14472 14476 14482
n-t 14405 14410 14412
n-t_ 14405 14410 14412
n-th 14495 14500 14507
n-u 1008 1015 1017
n-uu 1355 1360 1361
n-v 14528 14532 14534
n-w 14342 14347 14351
n-y 14352 14359 14361
n-z 14508 14515 14517
n-zh 14518 14521 14527
ng-# 1752 1761 1762
ng-L 19062 19069 19077
ng-M 22586 22590 22599
ng-N 19078 19083 19089
ng-a 5848 5852 5854
ng-aa 1485 1487 1489
ng-ai 1549 1550 1561
ng-air 1618 1622 1627
ng-ar 1508 1517 1519
ng-aw 1520 1528 1532
ng-b 14647 14651 14654
ng-ch 14757 14764 14764
ng-d 14655 14662 14663
ng-dh 14749 14753 14756
ng-e 1460 1463 1466
ng-ee 1490 1493 1499
ng-eer 1628 1637 1642
ng-er 1500 1503 1507
ng-f 14693 14702 14707
ng-g 14664 14672 14672
ng-h 14772 14779 14784
ng-i 1467 1472 1472
ng-ie 1562 1567 1574
ng-j 14765 14771 14771
ng-k 14640 14644 14646
ng-k_ 14640 14644 14646
ng-l 14588 14593 14596
ng-ll 14597 14602 14605
ng-m 14606 14612 14615
ng-n 14616 14620 14622
ng-o 1473 1478 1479
ng-oa 1605 1607 1617
ng-oi 1575 1583 1589
ng-oo 1480 1483 1484
ng-oor 1643 1649 1654
ng-ou 1590 1593 1604
ng-p 14623 14631 14631
ng-p_ 14623 14631 14631
ng-r 14564 14569 14572
ng-s 14673 14676 14682
ng-s_ 14673 14676 14682
ng-sh 14683 14687 14692
ng-t 14632 14637 14639
ng-t_ 14632 14637 14639
ng-th 14708 14716 14720
ng-u 1452 1457 1459
ng-uu 1533 1541 1548
ng-v 14740 14746 14748
ng-w 14573 14576 14581
ng-y 14582 14585 14587
ng-z 14721 14724 14729
ng-zh 14730 14735 14739
o-b 7016 7020 7022
o-ch 7140 7146 7150
o-d 7023 7030 7037
o-dh 7131 7137 7139
o-f 7075 7078 7082
o-g 7038 7045 7053
o-h 7163 7166 7173
o-j 7151 7158 7162
o-k 7003 7009 7015
o-k_ 7003 7009 7015
o-l 6942 6944 6950
o-ll 6951 6953 6959
o-m 6960 6964 6971
o-n 6972 6978 6982
o-ng 6983 6986 6990
o-p 6991 6997 7002
o-p_ 6991 6997 7002
o-r 6915 6921 6922
o-s 7054 7058 7065
o-s_ 7054 7058 7065
o-sh 7066 7070 7074
o-t 1114 1121 1127
o-t_ 1114 1121 1127
o-th 7083 7092 7096
o-v 7121 7126 7130
o-w 6923 6927 6932
o-y 6933 6938 6941
o-z 7097 7104 7107
o-zh 7108 7115 7120
oa-# 13925 13936 13936
oa-L 20450 20455 20462
oa-M 20540 20544 20548
oa-N 20621 20628 20632
oa-a 13915 13917 13924
oa-aa 12676 12680 12683
oa-ai 12731 12738 12740
oa-air 12780 12784 12788
oa-ar 12702 12705 12712
oa-aw 12713 12715 12721
oa-b 10086 10091 10093
oa-ch 10213 10221 10223
oa-d 10094 10100 10101
oa-dh 10201 10210 10212
oa-e 12647 12652 12653
oa-ee 12684 12687 12692
oa-eer 12789 12795 12798
oa-er 12693 12697 12701
oa-f 10142 10147 10153
oa-g 10102 10112 10114
oa-h 10234 10237 10242
oa-i 12654 12656 12658
oa-ie 12741 12747 12750
oa-j 10224 10231 10233
oa-k 10074 10081 10085
oa-k_ 10074 10081 10085
oa-l 10012 10021 10025
oa-ll 22703 22707 22715
oa-m 10026 10033 10037
oa-n 10038 10044 10049
oa-ng 10050 10055 10059
oa-o 12659 12661 12665
oa-oa 12771 12774 12779
oa-oi 12751 12754 12757
oa-oo 12666 12671 12675
oa-oor 12799 12804 12809
oa-ou 12758 12762 12770
oa-p 10060 10068 10073
oa-p_ 10060 10068 10073
oa-r 9981 9984 9988
oa-s 10115 10122 10126
oa-s_ 10115 10122 10126
oa-sh 10127 10131 10141
oa-t 1260 1265 1271
oa-t_ 1260 1265 1271
oa-th 10154 10164 10167
oa-u 12640 12645 12646
oa-uu 12722 12728 12730
oa-v 10192 10198 10200
oa-w 9989 9998 10000
oa-y 10001 10008 10011
oa-z 10168 10174 10178
oa-zh 10179 10187 10191
oi-# 13830 13844 13850
oi-L 20429 20434 20438
oi-M 20515 20523 20526
oi-N 20598 20604 20606
oi-a 13821 13826 13829
oi-aa 12339 12344 12345
oi-ai 12392 12395 12399
oi-air 12441 12447 12450
oi-ar 12366 12370 12374
oi-aw 12375 12377 12382
oi-b 9518 9524 9528
oi-ch 9657 9665 9668
oi-d 9529 9538 9540
oi-dh 9643 9652 9656
oi-e 12308 12314 12314
oi-ee 12346 12353 12354
oi-eer 12451 12455 12462
oi-er 12355 12359 12365
oi-f 9575 9582 9592
oi-g 9541 9548 9551
oi-h 9679 9685 9690
oi-i 12315 12319 12321
oi-ie 12400 12405 12409
oi-j 9669 9676 9678
oi-k 9506 9510 9517
oi-k_ 9506 9510 9517
oi-l 9425 9428 9435
oi-ll 9436 9439 9446
oi-m 9447 9457 9462
oi-n 9463 9473 9474
oi-ng 9475 9481 9488
oi-o 12322 12329 12331
oi-oa 12430 12435 12440
oi-oi 12410 12415 12419
oi-oo 12332 12335 12338
oi-oor 12463 12468 12472
oi-ou 12420 12425 12429
oi-p 9489 9500 9505
oi-p_ 9489 9500 9505
oi-r 9396 9400 9402
oi-s 9552 9560 9562
oi-s_ 9552 9560 9562
oi-sh 9563 9568 9574
oi-t 1237 1242 1248
oi-t_ 1237 1242 1248
oi-th 9593 9596 9601
oi-u 12299 12306 12307
oi-uu 12383 12385 12391
oi-v 9633 9639 9642
oi-w 9403 9409 9411
oi-y 9412 9418 9424
oi-z 9602 9611 9617
oi-zh 9618 9622 9632
oo-# 13685 13695 13701
oo-a 13678 13679 13684
oo-aa 11868 11871 11873
oo-ai 11912 11916 11919
oo-air 11948 11955 11958
oo-ar 11890 11895 11897
oo-aw 11898 11902 11904
oo-b 7282 7285 7295
oo-ch 7418 7422 7428
oo-d 7296 7299 7307
oo-dh 7408 7411 7417
oo-e 11839 11844 11847
oo-ee 11874 11877 11881
oo-eer 11959 11962 11969
oo-er 11882 11886 11889
oo-f 7341 7345 7354
oo-g 7308 7313 7316
oo-h 7443 7450 7452
oo-i 11848 11852 11853
oo-ie 11920 11921 11925
oo-j 7429 7435 7442
oo-k 7271 7275 7281
oo-k_ 7271 7275 7281
oo-l 7204 7208 7215
oo-ll 7216 7220 7227
oo-m 7228 7232 7237
oo-n 7238 7243 7247
oo-ng 7248 7250 7256
oo-o 11854 11858 11860
oo-oa 11942 11946 11947
oo-oi 11926 11928 11932
oo-oo 11861 11863 11867
oo-oor 11970 11976 11977
oo-ou 11933 11938 11941
oo-p 7257 7262 7270
oo-p_ 7257 7262 7270
oo-r 7174 7176 7181
oo-s 7317 7320 7328
oo-s_ 7317 7320 7328
oo-sh 7329 7334 7340
oo-t 1128 1131 1139
oo-t_ 1128 1131 1139
oo-th 7355 7358 7366
oo-u 11833 11835 11838
oo-uu 11905 11906 11911
oo-v 7393 7405 7407
oo-w 7182 7186 7192
oo-y 7193 7199 7203
oo-z 7367 7372 7378
oo-zh 7379 7388 7392
oor-# 22516 22529 22533
oor-a 14063 14071 14079
oor-aa 13243 13247 13249
oor-ai 13296 13304 13307
oor-air 13319 13326 13330
oor-ar 13267 13274 13276
oor-aw 13277 13281 13286
oor-b 10958 10970 10982
oor-ch 11142 11153 11155
oor-d 10983 10997 11003
oor-dh 11127 11138 11141
oor-e 13203 13209 13213
oor-ee 13250 13255 13257
oor-eer 13331 13339 13347
oor-er 13258 13263 13266
oor-f 11044 11062 11064
oor-g 11004 11011 11014
oor-h 11169 11184 11185
oor-i 13214 13217 13224
oor-ie 19942 19953 19958
oor-j 11156 11163 11168
oor-k 10941 10952 10957
oor-k_ 10941 10952 10957
oor-l 10831 10839 10842
oor-ll 10843 10851 10854
oor-m 10855 10872 10874
oor-n 10875 10897 10901
oor-ng 10902 10909 10914
oor-o 13225 13231 13232
oor-oa 13308 13317 13318
oor-oi 19959 19973 19978
oor-oo 13233 13240 13242
oor-oor 13348 13354 13357
oor-ou 19979 19990 19995
oor-p 10915 10931 10940
oor-p_ 10915 10931 10940
oor-r 10785 10792 10795
oor-s 11015 11026 11030
oor-s_ 11015 11026 11030
oor-sh 11031 11035 11043
oor-t 1297 1302 1308
oor-t_ 1297 1302 1308
oor-th 11065 11082 11086
oor-u 13192 13199 13202
oor-uu 13287 13290 13295
oor-v 11115 11124 11126
oor-w 10796 10807 10809
oor-y 10810 10828 10830
oor-z 11087 11095 11101
oor-zh 11102 11109 11114
ou-# 13880 13888 13890
ou-L 20439 20443 20449
ou-M 20527 20534 20539
ou-N 20607 20618 20620
ou-a 13872 13878 13879
ou-aa 12506 12509 12511
ou-ai 12561 12565 12569
ou-air 12602 12608 12612
ou-ar 12532 12534 12540
ou-aw 12541 12545 12548
ou-b 9811 9816 9819
ou-ch 9941 9946 9951
ou-d 9820 9830 9831
ou-dh 9931 9939 9940
ou-e 12481 12483 12486
ou-ee 12512 12519 12522
ou-eer 12613 12617 12622
ou-er 12523 12527 12531
ou-f 9867 9872 9879
ou-g 9832 9838 9842
ou-h 9964 9975 9980
ou-i 12487 12490 12494
ou-ie 12570 12574 12577
ou-j 9952 9960 9963
ou-k 9796 9804 9810
ou-k_ 9796 9804 9810
ou-l 9727 9733 9737
ou-ll 9738 9744 9748
ou-m 9749 9759 9763
ou-n 9764 9771 9773
ou-ng 9774 9781 9784
ou-o 12495 12498 12499
ou-oa 12595 12598 12601
ou-oi 12578 12584 12586
ou-oo 12500 12502 12505
ou-oor 12623 12634 12639
ou-ou 12587 12591 12594
ou-p 9785 9790 9795
ou-p_ 9785 9790 9795
ou-r 9691 9697 9703
ou-s 9843 9850 9854
ou-s_ 9843 9850 9854
ou-sh 9855 9861 9866
ou-t 1249 1254 1259
ou-t_ 1249 1254 1259
ou-th 9880 9889 9893
ou-u 12473 12478 12480
ou-uu 12549 12553 12560
ou-v 9916 9928 9930
ou-w 9704 9713 9715
ou-y 9716 9723 9726
ou-z 9894 9900 9902
ou-zh 9903 9911 9915
p-# 1783 1793 1793
p-L 19090 19096 19097
p-M 19098 19103 19110
p-N 19111 19115 19121
p-a 5871 5874 5875
p-aa 22647 22653 22653
p-ai 1827 1833 1836
p-air 1934 1941 1949
p-ar 1741 1747 1751
p-aw 1773 1780 1782
p-b 19890 19902 19902
p-ch 14939 14942 14944
p-d 19903 19910 19910
p-dh 14931 14936 14938
p-e 1667 1673 1674
p-ee 22735 22741 22742
p-eer 1962 1971 1977
p-er 1721 1727 1733
p-f 14898 14901 14905
p-g 19911 19921 19921
p-h 14953 14954 14961
p-i 22685 22691 22691
p-ie 1846 1854 1859
p-j 14945 14950 14952
p-k 19883 19889 19889
p-k_ 19883 19889 19889
p-l 14849 14854 14856
p-ll 14872 14879 14882
p-m 19842 19848 19851
p-n 19852 19858 19864
p-o 1684 1690 1691
p-oa 1915 1921 1924
p-oi 1868 1877 1882
p-oo 1697 1703 1703
p-oor 1988 1994 1998
p-ou 1890 1898 1902
p-p 19865 19875 19875
p-p_ 19865 19875 19875
p-r 14785 14791 14792
p-s 19922 19924 19931
p-s_ 19922 19924 19931
p-sh 19932 19937 19941
p-t 19876 19881 19882
p-t_ 19876 19881 19882
p-th 14906 14907 14915
p-u 1655 1660 1661
p-uu 1802 1810 1813
p-v 14928 14929 14930
p-w 14805 14813 14813
p-y 14828 14832 14832
p-z 14916 14918 14922
p-zh 14923 14924 14927
p_-_l 14857 14862 14864
p_-_ll 14883 14888 14890
p_-_r 14793 14799 14799
p_-_w 14814 14818 14820
p_-_y 14833 14838 14842
p_-aa 1710 1710 1714
p_-ai 1837 1839 1845
p_-air 1950 1953 1961
p_-ar 1763 1766 1772
p_-aw 1794 1796 1801
p_-e 1675 1676 1678
p_-ee 1715 1717 1720
p_-eer 1978 1981 1987
p_-er 1734 1737 1740
p_-i 1679 1681 1683
p_-ie 1860 1862 1867
p_-o 1692 1693 1696
p_-oa 1925 1927 1933
p_-oi 1883 1886 1889
p_-oo 1704 1706 1709
p_-oor 1999 2005 2009
p_-ou 1903 1905 1914
p_-u 1662 1663 1666
p_-uu 1814 1817 1826
r-L 18869 18873 18881
r-M 18882 18885 18889
r-N 18890 18892 18899
r-a 5724 5726 5727
r-aa 34 37 38
r-ai 86 89 95
r-air 136 141 144
r-ar 54 61 64
r-aw 65 67 76
r-e 8 13 15
r-ee 39 44 45
r-eer 145 149 154
r-er 46 52 53
r-i 16 19 20
r-ie 96 100 106
r-o 21 23 27
r-oa 126 130 135
r-oi 107 111 115
r-oo 28 31 33
r-oor 155 160 164
r-ou 116 118 125
r-u 1 4 7
r-uu 77 80 85
s-# 3870 3881 3881
s-L 19335 19339 19350
s-M 19351 19356 19362
s-N 19363 19374 19375
s-a 5991 5996 5997
s-aa 3458 3462 3464
s-ai 3516 3520 3524
s-air 3567 3571 3578
s-ar 3484 3492 3494
s-aw 3495 3500 3506
s-b 16297 16302 16307
s-ch 16405 16412 16412
s-d 16308 16313 16318
s-dh 16395 16401 16404
s-e 3424 3432 3433
s-ee 3465 3469 3472
s-eer 3579 3584 3595
s-er 3473 3480 3483
s-f 16344 16348 16352
s-g 16319 16328 16328
s-h 16422 16425 16431
s-i 22752 22758 22759
s-ie 3525 3528 3536
s-j 16413 16420 16421
s-k 16281 16288 16288
s-k_ 16281 16288 16288
s-l 16183 16189 16192
s-ll 16201 16207 16210
s-m 16219 16228 16228
s-n 16229 16234 16237
s-o 3442 3448 3450
s-oa 3555 3560 3566
s-oi 3537 3546 3547
s-oo 3451 3455 3457
s-oor 3596 3604 3609
s-ou 3548 3550 3554
s-p 16238 16246 16251
s-p_ 16238 16246 16251
s-r 16140 16146 16147
s-s 16329 16334 16334
s-s_ 16329 16334 16334
s-sh 16335 16338 16343
s-t 16264 16271 16273
s-t_ 16264 16271 16273
s-th 16353 16357 16362
s-u 22743 22750 22751
s-uu 3507 3513 3515
s-v 16385 16391 16394
s-w 16148 16155 16157
s-y 16168 16174 16175
s-z 16363 16368 16372
s-zh 16373 16377 16384
s_-_k 16289 16296 16296
s_-_k_ 16289 16296 16296
s_-_l 16193 16198 16200
s_-_ll 16211 16216 16218
s_-_p 16252 16259 16263
s_-_p_ 16252 16259 16263
s_-_t 16274 16280 16280
s_-_t_ 16274 16280 16280
s_-_w 16158 16164 16167
s_-_y 16176 16181 16182
sh-# 3882 3886 3891
sh-L 19376 19382 19394
sh-M 19395 19401 19411
sh-N 19412 19419 19428
sh-a 6017 6023 6024
sh-aa 3648 3654 3656
sh-ai 3718 3722 3728
sh-air 3770 3774 3781
sh-ar 3679 3684 3691
sh-aw 3692 3702 3707
sh-b 16531 16542 16542
sh-ch 16663 16671 16673
sh-d 16543 16553 16553
sh-dh 16647 16660 16662
sh-e 3617 3621 3623
sh-ee 3657 3662 3665
sh-eer 3782 3786 3792
sh-er 3666 3672 3678
sh-f 16587 16596 16598
sh-g 16554 16562 16564
sh-h 16684 16691 16693
sh-i 3624 3631 3632
sh-ie 3729 3733 3738
sh-j 16674 16682 16683
sh-k 16520 16530 16530
sh-k_ 16520 16530 16530
sh-l 16460 16466 16468
sh-ll 16469 16475 16477
sh-m 16478 16486 16488
sh-n 16489 16498 16499
sh-o 3633 3638 3639
sh-oa 3759 3764 3769
sh-oi 3739 3743 3748
sh-oo 3640 3647 3647
sh-oor 3793 3801 3805
sh-ou 3749 3753 3758
sh-p 16500 16509 16509
sh-p_ 16500 16509 16509
sh-r 16432 16435 16437
sh-s 16565 16571 16574
sh-s_ 16565 16571 16574
sh-sh 16575 16584 16586
sh-t 16510 16517 16519
sh-t_ 16510 16517 16519
sh-th 16599 16605 16611
sh-u 3610 3615 3616
sh-uu 3708 3714 3717
sh-v 16636 16643 16646
sh-w 16438 16446 16450
sh-y 16451 16457 16459
sh-z 16612 16616 16623
sh-zh 16624 16632 16635
t-# 2810 2819 2819
t-L 19122 19127 19134
t-M 19135 19141 19149
t-N 19150 19163 19164
t-a 5886 5892 5892
t-aa 2099 2107 2109
t-ai 2226 2234 2237
t-air 2332 2340 2343
t-ar 2160 2167 2172
t-aw 2186 2194 2198
t-b 15131 15134 15139
t-ch 22554 22563 22567
t-d 15140 15146 15148
t-dh 15223 15226 15231
t-e 2029 2038 2039
t-ee 2117 2125 2128
t-eer 2353 2361 2367
t-er 2134 2142 2148
t-f 15177 15180 15186
t-g 15149 15155 15155
t-h 15245 15250 15254
t-i 2046 2053 2054
t-ie 2245 2251 2258
t-j 19521 19529 19529
t-k 15125 15130 15130
t-k_ 15125 15130 15130
t-l 15034 15039 15039
t-ll 15060 15064 15065
t-m 15086 15093 15096
t-n 15097 15101 15104
t-o 2064 2073 2074
t-oa 2314 2321 2324
t-oi 2267 2274 2279
t-oo 2080 2089 2092
t-oor 2378 2384 2390
t-ou 2290 2298 2305
t-p 15105 15108 15111
t-p_ 15105 15108 15111
t-r 14962 14969 14970
t-s 15156 15158 15167
t-s_ 15156 15158 15167
t-sh 15168 15172 15176
t-t 15112 15124 15124
t-t_ 15112 15124 15124
t-th 15187 15189 15195
t-u 2010 2018 2021
t-uu 2206 2214 2216
t-v 15216 15217 15222
t-w 14984 14990 14992
t-y 15010 15018 15019
t-z 15196 15198 15204
t-zh 15205 15208 15215
t_-_l 15040 15050 15052
t_-_ll 15066 15076 15078
t_-_r 14971 14976 14978
t_-_w 14993 14999 15004
t_-_y 15020 15027 15028
t_-aa 2110 2114 2116
t_-ai 2238 2240 2244
t_-air 2344 2347 2352
t_-ar 2173 2177 2185
t_-aw 2199 2202 2205
t_-e 2040 2043 2045
t_-ee 2129 2131 2133
t_-eer 2368 2371 2377
t_-er 2149 2152 2159
t_-i 2055 2060 2063
t_-ie 2259 2261 2266
t_-o 2075 2078 2079
t_-oa 2325 2329 2331
t_-oi 2280 2284 2289
t_-oo 2093 2096 2098
t_-oor 2391 2394 2401
t_-ou 2306 2309 2313
t_-u 2022 2025 2028
t_-uu 2217 2220 2225
th-# 4374 4379 4380
th-L 19473 19475 19482
th-M 19483 19489 19491
th-N 19530 19531 19538
th-a 6068 6070 6072
th-aa 4048 4052 4055
th-ai 4104 4107 4112
th-air 4152 4154 4160
th-ar 4071 4078 4082
th-aw 4083 4086 4093
th-b 17022 17033 17033
th-ch 17133 17142 17142
th-d 17034 17044 17044
th-dh 17123 17130 17132
th-e 4019 4024 4026
th-ee 4056 4058 4060
th-eer 4161 4169 4171
th-er 4061 4064 4070
th-f 17074 17076 17079
th-g 17045 17050 17052
th-h 17149 17152 17155
th-i 4027 4031 4032
th-ie 4113 4116 4122
th-j 17143 17145 17148
th-k 17016 17021 17021
th-k_ 17016 17021 17021
th-l 16957 16963 16965
th-ll 16966 16972 16974
th-m 16975 16979 16985
th-n 16986 16993 16995
th-o 4033 4037 4040
th-oa 4141 4144 4151
th-oi 4123 4126 4131
th-oo 4041 4045 4047
th-oor 4172 4174 4178
th-ou 4132 4134 4140
th-p 16996 17004 17005
th-p_ 16996 17004 17005
th-r 16929 16937 16939
th-s 17053 17057 17061
th-s_ 17053 17057 17061
th-sh 17062 17066 17073
th-t 17006 17015 17015
th-t_ 17006 17015 17015
th-th 17080 17086 17089
th-u 4014 4017 4018
th-uu 4094 4097 4103
th-v 17110 17119 17122
th-w 16940 16941 16947
th-y 16948 16955 16956
th-z 17090 17097 17100
th-zh 17101 17102 17109
u-b 6282 6287 6291
u-ch 6396 6400 6404
u-d 6292 6297 6302
u-dh 6386 6391 6395
u-f 6336 6339 6345
u-g 6303 6306 6311
u-h 6416 6418 6426
u-j 6405 6411 6415
u-k 6270 6276 6281
u-k_ 6270 6276 6281
u-l 6232 6235 6239
u-ll 6240 6243 6247
u-m 6248 6250 6253
u-n 6254 6259 6261
u-ng 6262 6267 6269
u-p 22724 22728 22734
u-p_ 22724 22728 22734
u-r 6210 6213 6216
u-s 6312 6317 6323
u-s_ 6312 6317 6323
u-sh 6324 6330 6335
u-t 1076 1081 1087
u-t_ 1076 1081 1087
u-th 6346 6351 6354
u-v 6376 6382 6385
u-w 6217 6222 6224
u-y 6225 6229 6231
u-z 6355 6362 6364
u-zh 6365 6370 6375
uhr-aa 18704 18712 18714
uhr-ai 18772 18778 18782
uhr-air 18826 18831 18837
uhr-ar 18741 18748 18751
uhr-aw 18752 18754 18761
uhr-e 18659 18667 18671
uhr-ee 18715 18722 18724
uhr-eer 18838 18847 18851
uhr-er 18725 18739 18740
uhr-i 18672 18680 18681
uhr-ie 18783 18787 18792
uhr-o 18682 18690 18693
uhr-oa 18816 18818 18825
uhr-oi 18793 18798 18803
uhr-oo 18694 18702 18703
uhr-oor 18852 18861 18868
uhr-ou 18804 18809 18815
uhr-u 18649 18654 18658
uhr-uu 18762 18768 18771
uu-# 13685 13695 13701
uu-a 13678 13679 13684
uu-aa 11868 11871 11873
uu-ai 11912 11916 11919
uu-air 11948 11955 11958
uu-ar 11890 11895 11897
uu-aw 11898 11902 11904
uu-b 8644 8649 8652
uu-ch 8769 8776 8779
uu-d 8653 8659 8661
uu-dh 8758 8768 8768
uu-e 11839 11844 11847
uu-ee 11874 11877 11881
uu-eer 11959 11962 11969
uu-er 11882 11886 11889
uu-f 8695 8704 8708
uu-g 8662 8668 8671
uu-h 8789 8793 8796
uu-i 11848 11852 11853
uu-ie 11920 11921 11925
uu-j 8780 8787 8788
uu-k 8633 8638 8643
uu-k_ 8633 8638 8643
uu-l 8568 8572 8579
uu-ll 8580 8584 8591
uu-m 8592 8598 8599
uu-n 8600 8603 8610
uu-ng 8611 8617 8622
uu-o 11854 11858 11860
uu-oa 11942 11946 11947
uu-oi 11926 11928 11932
uu-oo 11861 11863 11867
uu-oor 11970 11976 11977
uu-ou 11933 11938 11941
uu-p 8623 8626 8632
uu-p_ 8623 8626 8632
uu-r 8537 8541 8543
uu-s 8672 8677 8685
uu-s_ 8672 8677 8685
uu-sh 8686 8690 8694
uu-t 1196 1200 1207
uu-t_ 1196 1200 1207
uu-th 8709 8716 8725
uu-u 11833 11835 11838
uu-uu 11905 11906 11911
uu-v 8750 8754 8757
uu-w 8544 8551 8556
uu-y 8557 8562 8567
uu-z 8726 8734 8738
uu-zh 8739 8748 8749
v-# 4932 4938 4938
v-L 19602 19609 19614
v-M 19615 19621 19625
v-N 19626 19631 19639
v-a 6130 6132 6134
v-aa 4625 4630 4635
v-ai 4700 4703 4709
v-air 4763 4770 4778
v-ar 4659 4664 4672
v-aw 4673 4680 4687
v-b 17621 17626 17627
v-ch 17706 17710 17710
v-d 17628 17634 17636
v-dh 17699 17703 17705
v-e 4586 4590 4593
v-ee 4636 4642 4648
v-eer 4779 4785 4792
v-er 4649 4651 4658
v-f 17664 17673 17676
v-g 17637 17643 17644
v-h 17718 17720 17727
v-i 4594 4600 4602
v-ie 4710 4712 4722
v-j 17711 17713 17717
v-k 17614 17619 17620
v-k_ 17614 17619 17620
v-l 17570 17574 17576
v-ll 17577 17581 17583
v-m 17584 17587 17591
v-n 17592 17595 17598
v-o 4603 4611 4614
v-oa 4749 4755 4762
v-oi 4723 4728 4734
v-oo 4615 4620 4624
v-oor 4793 4797 4808
v-ou 4735 4737 4748
v-p 17599 17606 17607
v-p_ 17599 17606 17607
v-r 17548 17551 17553
v-s 17645 17646 17653
v-s_ 17645 17646 17653
v-sh 17654 17657 17663
v-t 17608 17612 17613
v-t_ 17608 17612 17613
v-th 17677 17685 17687
v-u 4579 4582 4585
v-uu 4688 4692 4699
v-v 17693 17695 17698
v-w 17554 17559 17561
v-y 17562 17567 17569
v-z 17688 17690 17692
v-zh 22545 22549 22553
w-L 18900 18904 18909
w-M 18910 18916 18919
w-N 18920 18924 18929
w-a 5743 5745 5747
w-aa 198 200 204
w-ai 246 247 253
w-air 293 296 303
w-ar 218 219 224
w-aw 225 229 236
w-e 172 176 179
w-ee 205 209 212
w-eer 304 306 313
w-er 213 214 217
w-i 180 183 185
w-ie 254 257 262
w-o 186 190 191
w-oa 284 286 292
w-oi 263 266 271
w-oo 192 194 197
w-oor 314 317 324
w-ou 272 274 283
w-u 165 169 171
w-uu 237 242 245
y-L 18930 18936 18938
y-M 18939 18943 18946
y-N 18947 18954 18955
y-a 5752 5756 5757
y-aa 357 359 363
y-ai 404 407 412
y-air 451 454 458
y-ar 382 385 389
y-aw 390 392 396
y-e 331 335 337
y-ee 364 366 370
y-eer 459 462 469
y-er 371 374 381
y-i 338 339 342
y-ie 413 417 421
y-o 343 345 349
y-oa 441 444 450
y-oi 422 426 432
y-oo 350 353 356
y-oor 470 474 483
y-ou 433 436 440
y-u 325 327 330
y-uu 397 401 403
z-# 4381 4394 4394
z-L 19539 19546 19549
z-M 19550 19554 19556
z-N 19557 19564 19568
z-a 6091 6093 6094
z-aa 4214 4217 4222
z-ai 4268 4270 4278
z-air 4331 4335 4342
z-ar 4240 4248 4249
z-aw 4250 4252 4260
z-b 17234 17243 17243
z-ch 17332 17338 17338
z-d 17244 17251 17251
z-dh 17321 17327 17331
z-e 4186 4189 4193
z-ee 4223 4225 4228
z-eer 4343 4350 4353
z-er 4229 4233 4239
z-f 17283 17286 17292
z-g 17252 17260 17260
z-h 17345 17351 17353
z-i 4194 4198 4200
z-ie 4279 4283 4290
z-j 17339 17342 17344
z-k 17225 17233 17233
z-k_ 17225 17233 17233
z-l 17178 17180 17182
z-ll 17183 17185 17187
z-m 17188 17195 17197
z-n 17198 17204 17206
z-o 4201 4203 4207
z-oa 4317 4320 4330
z-oi 4291 4295 4303
z-oo 4208 4211 4213
z-oor 4354 4357 4365
z-ou 4304 4308 4316
z-p 17207 17216 17216
z-p_ 17207 17216 17216
z-r 17156 17161 17163
z-s 17261 17268 17270
z-s_ 17261 17268 17270
z-sh 17271 17279 17282
z-t 17217 17221 17224
z-t_ 17217 17221 17224
z-th 17293 17296 17299
z-u 4179 4183 4185
z-uu 4261 4263 4267
z-v 17313 17319 17320
z-w 17164 17170 17171
z-y 17172 17176 17177
z-z 17300 17303 17306
z-zh 17307 17309 17312
zh-# 4395 4401 4406
zh-L 19569 19574 19582
zh-M 19583 19590 19593
zh-N 19594 19598 19601
zh-a 6115 6117 6119
zh-aa 4436 4439 4444
zh-ai 4490 4493 4500
zh-air 4544 4553 4555
zh-ar 4459 4465 4470
zh-aw 4471 4475 4481
zh-b 17430 17437 17438
zh-ch 17524 17530 17531
zh-d 17439 17444 17445
zh-dh 17516 17522 17523
zh-e 4407 4410 4412
zh-ee 4445 4450 4452
zh-eer 4556 4560 4564
zh-er 4453 4455 4458
zh-f 17472 17479 17483
zh-g 17446 17451 17452
zh-h 17539 17546 17547
zh-i 4413 4417 4419
zh-ie 4501 4504 4511
zh-j 17532 17537 17538
zh-k 17423 17428 17429
zh-k_ 17423 17428 17429
zh-l 17373 17376 17379
zh-ll 17380 17383 17386
zh-m 17387 17390 17394
zh-n 17395 17399 17403
zh-o 4420 4424 4427
zh-oa 4535 4539 4543
zh-oi 4512 4515 4522
zh-oo 4428 4433 4435
zh-oor 4565 4568 4578
zh-ou 4523 4527 4534
zh-p 17404 17411 17413
zh-p_ 17404 17411 17413
zh-r 17354 17358 17360
zh-s 17453 17455 17462
zh-s_ 17453 17455 17462
zh-sh 17463 17464 17471
zh-t 17414 17416 17422
zh-t_ 17414 17416 17422
zh-th 17484 17490 17495
zh-u 4366 4369 4373
zh-uu 4482 4486 4489
zh-v 17509 17512 17515
zh-w 17361 17363 17365
zh-y 17366 17369 17372
zh-z 17496 17500 17502
zh-zh 17503 17506 17508
